nodeId, gender
1, 1
2, 0
3, 0
4, 0
5, 0
6, 0
7, 0
8, 0
9, 0
10, 0
11, 1
12, 1
13, 0
14, 0
15, 1
16, 1
17, 0
18, 1
19, 0
20, 0
21, 1
22, 0
23, 1
24, 0
25, 0
26, 0
27, 0
28, 1
29, 1
30, 1
31, 0
32, 1
33, 0
34, 0
35, 0
36, 1
37, 1
38, 0
39, 0
40, 0
41, 0
42, 0
43, 1
44, 0
45, 1
46, 0
47, 1
48, 1
49, 1
50, 0
51, 1
52, 1
53, 1
54, 0
55, 0
56, 1
57, 0
58, 0
59, 1
60, 1
61, 1
62, 1
63, 0
64, 0
65, 0
66, 1
67, 0
68, 1
69, 0
70, 0
71, 0
72, 0
73, 0
74, 0
75, 0
76, 0
77, 0
78, 1
79, 0
80, 1
81, 1
82, 0
83, 1
84, 1
85, 0
86, 1
87, 0
88, 1
89, 0
90, 1
91, 0
92, 0
93, 0
94, 1
95, 0
96, 1
97, 0
98, 0
99, 1
100, 0
101, 0
102, 0
103, 0
104, 1
105, 0
106, 0
107, 0
108, 0
109, 0
110, 1
111, 1
112, 0
113, 0
114, 1
115, 0
116, 1
117, 1
118, 0
119, 0
120, 0
121, 0
122, 1
123, 0
124, 0
125, 0
126, 1
127, 0
128, 1
129, 1
130, 0
131, 1
132, 0
133, 1
134, 0
135, 1
136, 0
137, 0
138, 0
139, 0
140, 1
141, 0
142, 1
143, 0
144, 1
145, 0
146, 0
147, 1
148, 0
149, 1
150, 1
151, 0
152, 0
153, 0
154, 1
155, 1
156, 0
157, 0
158, 0
159, 0
160, 0
161, 0
162, 1
163, 0
164, 0
165, 0
166, 0
167, 1
168, 0
169, 0
170, 0
171, 0
172, 0
173, 0
174, 0
175, 0
176, 0
177, 1
178, 1
179, 1
180, 0
181, 0
182, 1
183, 1
184, 0
185, 0
186, 1
187, 0
188, 0
189, 0
190, 1
191, 0
192, 0
193, 0
194, 1
195, 0
196, 0
197, 0
198, 1
199, 0
200, 0
201, 0
202, 0
203, 1
204, 0
205, 1
206, 0
207, 1
208, 0
209, 0
210, 1
211, 0
212, 0
213, 1
214, 0
215, 0
216, 0
217, 1
218, 0
219, 0
220, 0
221, 0
222, 1
223, 1
224, 0
225, 0
226, 0
227, 1
228, 1
229, 1
230, 0
231, 1
232, 0
233, 1
234, 1
235, 1
236, 1
237, 0
238, 0
239, 1
240, 1
241, 0
242, 0
243, 1
244, 0
245, 1
246, 1
247, 0
248, 0
249, 0
250, 1
251, 1
252, 1
253, 1
254, 0
255, 0
256, 1
257, 1
258, 0
259, 0
260, 0
261, 0
262, 0
263, 0
264, 1
265, 0
266, 0
267, 0
268, 0
269, 1
270, 1
271, 0
272, 0
273, 1
274, 0
275, 0
276, 0
277, 0
278, 1
279, 1
280, 0
281, 0
282, 0
283, 0
284, 0
285, 0
286, 0
287, 1
288, 0
289, 0
290, 0
291, 0
292, 1
293, 0
294, 0
295, 0
296, 1
297, 0
298, 1
299, 0
300, 1
301, 1
302, 1
303, 1
304, 1
305, 0
306, 0
307, 0
308, 0
309, 1
310, 1
311, 0
312, 0
313, 0
314, 0
315, 1
316, 1
317, 0
318, 0
319, 1
320, 0
321, 0
322, 1
323, 0
324, 0
325, 0
326, 0
327, 1
328, 0
329, 0
330, 1
331, 0
332, 0
333, 1
334, 1
335, 0
336, 1
337, 1
338, 1
339, 0
340, 1
341, 1
342, 0
343, 0
344, 0
345, 1
346, 0
347, 0
896, 0
897, 1
898, 0
899, 1
900, 0
901, 0
902, 0
903, 0
904, 0
905, 0
906, 0
907, 1
908, 1
909, 0
910, 1
911, 1
912, 0
913, 0
914, 0
915, 0
916, 1
917, 0
918, 1
919, 1
920, 1
921, 0
922, 0
923, 1
924, 0
925, 1
926, 0
927, 0
928, 0
929, 0
930, 0
931, 0
932, 0
933, 1
934, 0
935, 0
936, 0
937, 1
938, 1
939, 0
940, 0
941, 1
942, 0
943, 0
944, 0
945, 0
946, 1
947, 1
948, 0
949, 0
950, 0
951, 0
952, 0
953, 1
954, 1
955, 0
956, 0
957, 0
958, 0
959, 1
960, 0
961, 0
962, 0
963, 0
964, 0
965, 1
966, 0
967, 1
968, 0
969, 0
970, 0
971, 0
972, 1
973, 0
974, 1
975, 0
976, 0
977, 0
978, 0
979, 0
980, 0
981, 0
982, 1
983, 1
984, 0
985, 0
986, 0
987, 0
988, 0
989, 1
990, 0
991, 0
992, 0
993, 1
994, 1
995, 0
996, 0
997, 0
998, 0
999, 1
1000, 1
1001, 1
1002, 1
1003, 0
1004, 1
1005, 0
1006, 0
1007, 0
1008, 0
1009, 1
1010, 0
1011, 0
1012, 1
1013, 0
1014, 0
1015, 0
1016, 0
1017, 1
1018, 1
1019, 0
1020, 0
1021, 0
1022, 0
1023, 1
1024, 1
1025, 0
1026, 0
1027, 0
1028, 1
1029, 0
1030, 0
1031, 0
1032, 0
1033, 0
1034, 1
1035, 0
1036, 1
1037, 0
1038, 1
1039, 1
1040, 1
1041, 0
1042, 0
1043, 1
1044, 0
1045, 0
1046, 1
1047, 1
1048, 0
1049, 0
1050, 0
1051, 0
1052, 0
1053, 0
1054, 0
1055, 1
1056, 1
1057, 0
1058, 0
1059, 0
1060, 1
1061, 0
1062, 0
1063, 1
1064, 0
1065, 1
1066, 0
1067, 1
1068, 0
1069, 1
1070, 0
1071, 0
1072, 0
1073, 0
637, 0
1074, 0
1075, 0
1076, 1
1077, 0
1078, 0
1079, 1
1080, 0
1081, 0
1082, 0
1083, 0
1084, 0
1085, 0
1086, 0
1087, 0
1088, 0
1089, 0
1090, 0
1091, 0
1092, 1
1093, 0
1094, 1
1095, 0
1096, 0
1097, 0
1098, 0
1099, 0
1100, 0
1101, 0
1102, 0
1103, 1
1104, 0
1105, 0
1106, 0
1107, 0
1108, 0
1109, 0
1110, 0
1111, 0
1112, 0
1113, 0
1114, 0
1115, 0
1116, 0
1117, 1
1118, 0
1119, 1
1120, 0
1121, 0
1122, 0
1123, 0
1124, 1
1125, 1
1126, 0
1127, 1
1128, 0
1129, 0
1130, 1
1131, 0
1132, 0
629, 1
1133, 1
1134, 1
1135, 0
1136, 0
1137, 1
1138, 0
1139, 0
1140, 1
1141, 1
1142, 1
353, 1
1143, 0
1144, 0
1145, 1
1146, 0
1147, 0
1148, 1
1149, 1
1150, 1
1151, 0
1152, 0
1153, 0
1154, 0
1155, 1
363, 0
1156, 1
1157, 1
366, 0
1158, 0
1159, 0
1160, 0
1161, 0
1162, 1
1163, 0
1164, 0
1165, 0
1166, 0
1167, 0
1168, 0
1169, 1
1170, 0
1171, 0
1172, 0
1173, 1
1174, 1
1175, 0
1176, 0
1177, 0
1178, 0
1179, 0
1180, 0
1181, 1
1182, 1
1183, 0
1184, 0
1185, 0
1186, 0
1187, 0
1188, 0
1189, 0
1190, 0
1191, 1
1192, 1
1193, 0
1194, 1
1195, 0
1196, 1
1197, 1
1198, 1
1199, 0
1200, 1
1201, 1
1202, 0
606, 0
1203, 0
1204, 1
1205, 0
1206, 0
1207, 0
1208, 1
1209, 0
1210, 0
1211, 1
1212, 1
1213, 0
1214, 1
1215, 1
1216, 0
1217, 0
1218, 0
1219, 0
1220, 1
1221, 0
1222, 0
1223, 0
1224, 0
1225, 0
348, 0
1226, 0
1227, 0
1228, 1
1229, 0
1230, 0
1231, 0
1232, 0
1233, 1
1234, 1
1235, 1
1236, 0
1237, 1
1238, 0
483, 0
1239, 0
1240, 1
1241, 0
1242, 0
1243, 1
1244, 0
1245, 0
1246, 0
1247, 0
1248, 0
1249, 0
1250, 0
1251, 0
1252, 0
1253, 1
1254, 1
1255, 1
1256, 0
1257, 1
1258, 0
1259, 0
1260, 0
1261, 0
1262, 0
1263, 0
1264, 0
1265, 0
1266, 1
1267, 0
1268, 0
1269, 0
1270, 1
1271, 1
1272, 0
1273, 1
1274, 1
1275, 0
1276, 1
1277, 0
1278, 0
1279, 0
1280, 0
1281, 0
1282, 0
526, 0
1283, 0
1284, 1
1285, 1
1286, 0
1287, 1
484, 0
1288, 0
1289, 1
1290, 1
1291, 0
649, 0
1292, 0
1293, 0
1294, 0
1295, 1
1296, 0
1297, 0
1298, 0
1299, 0
1300, 0
1301, 0
1302, 0
1303, 1
1304, 0
1305, 0
1306, 0
1307, 0
1308, 0
1309, 1
1310, 0
1311, 0
1312, 1
1313, 0
1314, 0
1315, 1
1316, 0
1317, 0
1318, 0
1319, 1
1320, 0
1321, 1
1322, 0
1323, 0
1324, 1
1325, 0
1326, 1
1327, 1
1328, 0
1329, 1
1330, 1
1331, 1
1332, 0
1333, 0
1334, 0
1335, 1
1336, 1
1337, 0
1338, 0
1339, 1
1340, 0
1341, 0
1342, 1
1343, 0
1344, 0
1345, 0
1346, 0
1347, 0
1348, 0
1349, 0
1350, 0
1351, 0
1352, 0
1353, 0
1354, 0
1355, 0
1356, 0
1357, 0
1358, 1
1359, 0
1360, 0
1361, 0
1362, 0
1363, 0
1364, 0
566, 1
1365, 1
1366, 0
1367, 0
1368, 0
1369, 0
1370, 1
1371, 0
1372, 1
1373, 0
1374, 0
1375, 0
1376, 1
1377, 0
1378, 1
1379, 0
1380, 1
1381, 1
1382, 0
1383, 1
1384, 1
1385, 0
1386, 0
1387, 0
1388, 0
1389, 0
1390, 0
1391, 0
1392, 0
1393, 0
1394, 1
1395, 1
1396, 1
1397, 1
1398, 1
1399, 0
1400, 1
1401, 0
1402, 1
1403, 1
1404, 0
1405, 1
1406, 0
1407, 0
1408, 0
1409, 0
1410, 0
1411, 1
1412, 0
1413, 1
1414, 0
1415, 0
1416, 0
1417, 1
1418, 0
1419, 1
1420, 0
1421, 0
1422, 0
1423, 1
1424, 0
1425, 1
1426, 0
1427, 1
1428, 0
1429, 0
1430, 0
1431, 0
1432, 0
1433, 1
1434, 1
1435, 0
1436, 0
1437, 1
1438, 0
1439, 0
1440, 1
1441, 1
1442, 1
1443, 0
1444, 0
1445, 1
1446, 1
1447, 1
1448, 0
1449, 0
1450, 0
1451, 1
1452, 0
1453, 0
1454, 0
1455, 1
1456, 0
1457, 1
1458, 1
1459, 0
1460, 0
1461, 0
1462, 0
1463, 1
1464, 1
1465, 0
1466, 1
1467, 0
1468, 0
1469, 0
1470, 0
1471, 0
1472, 0
1473, 0
1474, 1
1475, 1
1476, 1
1477, 1
1478, 1
1479, 0
1480, 0
428, 0
1481, 0
1482, 0
1483, 1
1484, 0
1485, 1
1486, 0
1487, 1
1488, 1
1489, 1
1490, 0
1491, 0
1492, 1
1493, 1
1494, 0
1495, 1
1496, 0
1497, 1
1498, 1
1499, 0
1500, 0
1501, 0
1502, 0
1503, 0
1504, 0
1505, 1
1506, 1
1507, 0
1508, 1
1509, 1
1510, 1
1511, 1
1512, 0
1513, 0
1514, 0
1515, 1
1516, 0
1517, 0
596, 0
1518, 1
1519, 1
1520, 0
1521, 1
1522, 1
1523, 1
1524, 0
1525, 0
1526, 1
1527, 0
1528, 0
1529, 0
1530, 1
1531, 0
1532, 1
1533, 0
1534, 0
1535, 0
1536, 0
1537, 1
1538, 0
1539, 0
1540, 1
1541, 0
641, 1
1542, 0
1543, 0
1544, 0
1545, 0
1546, 0
1547, 0
1548, 0
1549, 0
1550, 1
1551, 1
1552, 1
1553, 0
1554, 0
1555, 0
1556, 1
1557, 0
1558, 0
1559, 1
1560, 1
1561, 0
1562, 0
1563, 1
651, 0
1564, 0
1565, 0
1566, 1
389, 0
1567, 1
1568, 1
1569, 0
1570, 0
1571, 0
1572, 0
1573, 0
1574, 0
1575, 0
1576, 1
1577, 0
1578, 0
1579, 0
1580, 1
1581, 1
1582, 0
1583, 0
1584, 0
1585, 1
1586, 1
1587, 0
1588, 0
1589, 1
1590, 1
1591, 0
1592, 1
1593, 1
1594, 1
1595, 1
1596, 0
1597, 1
1598, 1
1599, 0
1600, 0
1601, 0
1602, 0
538, 0
1603, 0
1604, 0
1605, 1
1606, 0
1607, 0
1608, 0
1609, 0
1610, 0
1611, 0
1612, 1
1613, 1
1614, 1
1615, 0
1616, 1
1617, 1
1618, 1
1619, 1
1620, 0
1621, 0
1622, 0
1623, 1
1624, 0
1625, 0
1626, 1
1627, 1
1628, 0
1629, 0
1630, 0
1631, 0
1632, 0
1633, 0
1634, 0
1635, 0
1636, 0
1637, 1
1638, 1
1639, 0
1640, 0
1641, 0
1642, 0
1643, 1
1644, 1
601, 0
1645, 0
1646, 0
1647, 1
1648, 1
1649, 0
1650, 0
1651, 1
1652, 0
1653, 0
1654, 1
1655, 1
1656, 0
1657, 1
1658, 0
1659, 1
1660, 0
1661, 1
580, 1
1662, 1
1663, 0
1664, 0
1665, 1
1666, 0
1667, 0
1668, 0
376, 0
1669, 0
1670, 0
1671, 0
1672, 0
1673, 0
1674, 1
1675, 0
1676, 0
1677, 0
1678, 0
1679, 0
1680, 1
1681, 0
1682, 1
1683, 0
1684, 0
1685, 0
1686, 0
1687, 0
1688, 0
1689, 0
1690, 0
1691, 0
1692, 1
1693, 0
1694, 1
1695, 0
1696, 0
1697, 1
1698, 1
1699, 0
1700, 1
1701, 0
1702, 1
1703, 0
1704, 1
1705, 1
1706, 1
1707, 1
1708, 0
1709, 0
1710, 1
1711, 1
1712, 1
1713, 0
1714, 0
1715, 1
1716, 1
1717, 1
1718, 0
1719, 0
1720, 0
1721, 0
1722, 1
1723, 0
1724, 1
1725, 1
1726, 0
1727, 0
420, 0
1728, 1
1729, 0
1730, 0
1731, 0
1732, 1
1733, 0
1734, 0
1735, 1
1736, 1
1737, 0
475, 0
1738, 0
1739, 1
1740, 0
1741, 1
1742, 0
1743, 1
1744, 0
1745, 0
1746, 0
1747, 0
1748, 0
1749, 1
1750, 1
1751, 1
1752, 1
1753, 1
1754, 1
1755, 1
1756, 0
1757, 0
1758, 0
1759, 0
1760, 0
1761, 0
1762, 1
1763, 0
1764, 0
1765, 0
1766, 1
1767, 0
414, 0
1768, 1
1769, 1
1770, 0
1771, 0
1772, 1
1773, 1
1774, 1
1775, 1
1776, 0
1777, 0
1778, 0
1779, 1
1780, 0
1781, 0
1782, 0
1783, 0
1784, 0
1785, 1
1786, 0
1787, 1
1788, 0
1789, 0
1790, 1
1791, 1
1792, 0
1793, 1
1794, 0
1795, 0
1796, 0
1797, 1
1798, 0
1799, 1
1800, 0
1801, 1
1802, 0
1803, 0
1804, 0
1805, 1
1806, 1
1807, 0
1808, 1
1809, 0
1810, 0
1811, 0
1812, 1
1813, 0
1814, 0
1815, 0
1816, 0
1817, 1
1818, 0
1819, 0
1820, 0
1821, 1
1822, 1
1823, 0
1824, 1
1825, 0
1826, 0
1827, 1
1828, 0
1829, 0
1830, 0
1831, 0
1832, 0
1833, 0
1834, 1
1835, 1
1836, 1
1837, 0
1838, 1
1839, 1
1840, 0
1841, 1
1842, 0
1843, 0
1844, 0
1845, 0
517, 0
1846, 1
1847, 0
1848, 1
0, 0
1849, 1
1850, 0
1851, 0
1852, 0
1853, 1
1854, 0
1855, 1
1856, 0
1857, 0
1858, 1
1859, 0
1860, 0
1861, 0
1862, 0
1863, 0
1864, 0
1865, 1
1866, 0
1867, 0
1868, 0
1869, 1
1870, 0
1871, 0
1872, 0
1873, 0
1874, 0
1875, 1
1876, 0
1877, 0
1878, 1
1879, 1
1880, 0
1881, 1
1882, 1
1883, 0
1884, 0
1885, 0
1886, 1
1887, 0
1888, 0
1889, 0
1890, 1
1891, 0
1892, 0
1893, 1
1894, 0
1895, 0
1896, 0
1897, 0
563, 0
1898, 0
1899, 0
1900, 1
1901, 1
1902, 1
1903, 0
1904, 0
1905, 0
1906, 0
1907, 0
1908, 0
1909, 1
1910, 0
1911, 1
2661, 0
2662, 0
2663, 0
2664, 1
2665, 1
2666, 0
2667, 1
2668, 0
2669, 0
2670, 0
2671, 1
2672, 0
2673, 1
2674, 0
2675, 0
2676, 0
2677, 0
2678, 0
2679, 1
2680, 0
2681, 0
2682, 0
2683, 0
2684, 0
2685, 0
2686, 1
2687, 0
2688, 0
2689, 0
2690, 0
2691, 0
2692, 0
2693, 0
2694, 0
2695, 1
2696, 0
2697, 0
2698, 0
2699, 0
2700, 0
2701, 0
2702, 0
2703, 0
2704, 0
2705, 0
2706, 0
2707, 0
2708, 0
2709, 0
2710, 0
2711, 0
2712, 0
2713, 1
2714, 0
2715, 1
2716, 1
2717, 1
2718, 0
2719, 1
2720, 0
2721, 1
2722, 0
2723, 0
2724, 0
2725, 0
2726, 0
2727, 1
2728, 1
2729, 0
2730, 0
2731, 0
2732, 1
2733, 1
2734, 0
2735, 1
2736, 0
2737, 0
2738, 0
2739, 1
2740, 0
2741, 0
2742, 1
2743, 0
2744, 0
2745, 0
2746, 0
2747, 1
2748, 0
2749, 0
2750, 0
2751, 0
2752, 0
2753, 0
2754, 0
2755, 0
2756, 0
2757, 0
2758, 0
2759, 0
2760, 1
2761, 0
2762, 1
2763, 0
2764, 0
2765, 0
2766, 1
2767, 0
2768, 0
2769, 0
2770, 1
2771, 0
2772, 1
2773, 0
2774, 0
2775, 1
2776, 0
2777, 1
2778, 1
2779, 0
2780, 1
2781, 1
2782, 0
2783, 1
2784, 1
2785, 1
2786, 1
2787, 1
2788, 1
2789, 0
2790, 1
2791, 1
2792, 1
2793, 0
2794, 0
2795, 1
2796, 0
2797, 0
2798, 0
2799, 1
2800, 0
2801, 0
2802, 0
2803, 1
2804, 0
2805, 0
2806, 1
2807, 0
2808, 0
2809, 0
2810, 0
2811, 1
2812, 0
2813, 0
2814, 1
2815, 0
2816, 0
2817, 1
2818, 1
2819, 0
2820, 0
2821, 0
2822, 0
2823, 0
2824, 1
2825, 0
2826, 0
2827, 1
2828, 1
2829, 0
2830, 1
2831, 1
2832, 0
2833, 0
2834, 0
2835, 1
2836, 0
2837, 0
2838, 0
2839, 0
2840, 1
2841, 0
2842, 0
2843, 0
2844, 1
2845, 0
2846, 0
2847, 1
2848, 0
2849, 0
2850, 1
2851, 1
2852, 0
2853, 0
2854, 0
2855, 1
2856, 1
2857, 0
2858, 0
2859, 0
2860, 0
2861, 1
2862, 1
2863, 1
2864, 1
2865, 0
2866, 0
2867, 0
2868, 0
2869, 0
2870, 0
2871, 0
2872, 0
2873, 0
2874, 0
2875, 1
2876, 1
2877, 1
2878, 1
2879, 0
2880, 0
2881, 1
2882, 1
2883, 0
2884, 0
2885, 0
2886, 1
2887, 0
2888, 0
2889, 1
2890, 1
2891, 0
2892, 0
2893, 0
2894, 0
2895, 0
2896, 0
2897, 1
2898, 0
2899, 0
2900, 1
2901, 1
860, 0
2902, 0
2903, 0
2904, 0
2905, 0
2906, 0
2907, 0
2908, 0
2909, 1
2910, 1
2911, 1
2912, 1
2913, 1
2914, 0
2915, 0
2916, 1
2917, 0
2918, 0
2919, 1
2920, 1
2921, 0
2922, 0
2923, 1
2924, 0
2925, 1
2926, 0
2927, 0
2928, 1
2929, 0
2930, 1
2931, 1
2932, 1
2933, 0
2934, 0
2935, 0
2936, 0
2937, 0
2938, 0
2939, 0
2940, 1
2941, 0
2942, 0
2943, 0
2944, 0
2945, 0
2946, 1
2947, 1
2948, 1
2949, 0
2950, 1
2951, 1
2952, 0
2953, 0
2954, 0
2955, 0
2956, 0
2957, 0
2958, 1
2959, 1
2960, 1
2961, 1
2962, 1
2963, 0
2964, 0
2965, 1
2966, 0
2967, 0
2968, 0
2969, 0
2970, 0
2971, 1
2972, 0
2973, 1
2974, 0
2975, 1
2976, 1
2977, 0
2978, 0
2979, 0
2980, 1
2981, 1
2982, 1
2983, 0
2984, 0
2985, 1
2986, 1
2987, 0
2988, 0
2989, 0
2990, 1
2991, 0
2992, 1
2993, 0
2994, 0
2995, 0
2996, 0
2997, 1
2998, 0
2999, 0
3000, 0
3001, 0
3002, 0
3003, 0
3004, 1
3005, 0
3006, 0
3007, 1
3008, 1
3009, 0
3010, 0
3011, 0
3012, 0
3013, 0
3014, 1
3015, 0
3016, 0
3017, 0
3018, 1
3019, 0
3020, 0
3021, 1
3022, 0
3023, 0
3024, 0
3025, 0
3026, 0
3027, 0
3028, 0
3029, 0
3030, 0
3031, 0
3032, 0
3033, 0
3034, 0
3035, 0
3036, 0
3037, 1
3038, 1
3039, 0
3040, 0
3041, 1
3042, 0
3043, 1
3044, 0
3045, 0
3046, 1
3047, 0
3048, 1
3049, 0
3050, 0
3051, 0
3052, 0
3053, 0
3054, 1
3055, 0
3056, 0
3057, 0
3058, 0
3059, 0
3060, 0
3061, 0
3062, 0
3063, 0
3064, 1
3065, 0
3066, 0
3067, 1
3068, 0
3069, 0
3070, 0
3071, 0
3072, 0
3073, 1
3074, 0
3075, 0
3076, 0
3077, 0
3078, 0
3079, 0
3080, 0
3081, 1
3082, 1
3083, 0
3084, 0
3085, 0
3086, 1
3087, 1
3088, 1
3089, 1
3090, 0
3091, 1
3092, 0
3093, 0
3094, 1
3095, 0
3096, 0
3097, 0
3098, 0
3099, 0
3100, 1
3101, 1
3102, 1
3103, 1
3104, 0
3105, 0
3106, 1
3107, 0
3108, 0
3109, 1
3110, 1
3111, 0
3112, 1
3113, 0
3114, 1
3115, 0
3116, 1
3117, 1
3118, 0
3119, 1
3120, 1
3121, 1
3122, 1
3123, 0
3124, 1
3125, 0
3126, 1
3127, 0
3128, 0
3129, 0
3130, 0
3131, 0
3132, 0
3133, 1
3134, 0
3135, 0
3136, 1
3137, 1
3138, 1
3139, 1
3140, 1
3141, 0
3142, 0
3143, 0
3144, 1
3145, 1
3146, 1
3147, 0
3148, 1
3149, 0
3150, 1
3151, 1
3152, 0
3153, 0
3154, 0
3155, 0
3156, 0
3157, 0
3158, 0
3159, 0
3160, 0
3161, 0
3162, 1
3163, 0
3164, 0
3165, 1
3166, 0
3167, 1
3168, 1
3169, 0
3170, 0
3171, 0
3172, 1
3173, 0
3174, 0
3175, 0
3176, 0
3177, 0
3178, 1
3179, 0
3180, 0
3181, 1
3182, 0
3183, 0
3184, 1
3185, 1
3186, 0
3187, 0
3188, 1
3189, 0
3190, 0
3191, 1
3192, 0
3193, 0
3194, 0
3195, 1
3196, 0
3197, 1
3198, 1
3199, 0
3200, 1
3201, 0
3202, 1
3203, 1
3204, 0
3205, 0
3206, 0
3207, 0
3208, 1
3209, 1
3210, 1
3211, 1
3212, 0
3213, 0
3214, 0
3215, 1
3216, 0
3217, 0
3218, 1
3219, 0
3220, 0
3221, 0
3222, 0
3223, 0
3224, 1
3225, 0
3226, 0
3227, 0
3228, 1
3229, 0
3230, 0
3231, 0
3232, 0
3233, 0
3234, 0
3235, 1
3236, 0
3237, 0
3238, 0
3239, 1
3240, 1
3241, 1
3242, 1
3243, 1
3244, 1
3245, 1
3246, 0
3247, 0
3248, 0
3249, 0
3250, 0
3251, 1
3252, 1
3253, 0
3254, 0
3255, 1
3256, 0
3257, 0
3258, 0
3259, 0
3260, 1
3261, 1
3262, 0
3263, 0
3264, 0
3265, 0
3266, 1
3267, 1
3268, 0
3269, 0
3270, 0
3271, 0
3272, 1
3273, 0
3274, 0
3275, 1
3276, 0
3277, 0
3278, 0
3279, 1
3280, 1
3281, 0
3282, 0
3283, 0
3284, 0
3285, 0
3286, 0
3287, 0
3288, 1
3289, 0
3290, 0
3291, 1
3292, 1
3293, 0
3294, 0
3295, 1
3296, 0
3297, 0
3298, 0
3299, 1
3300, 0
3301, 0
3302, 0
3303, 0
3304, 0
3305, 0
3306, 1
3307, 0
3308, 0
3309, 1
3310, 1
3311, 0
3312, 1
3313, 0
3314, 1
3315, 0
3316, 0
3317, 0
3318, 1
3319, 0
3320, 1
3321, 1
3322, 0
3323, 0
3324, 1
3325, 0
3326, 1
3327, 0
3328, 0
3329, 0
3330, 1
3331, 1
3332, 0
3333, 0
3334, 1
3335, 1
3336, 1
3337, 0
3338, 0
3339, 0
3340, 0
3341, 1
3342, 1
3343, 0
3344, 1
3345, 1
3346, 1
3347, 0
3348, 0
3349, 0
3350, 0
3351, 1
3352, 0
3353, 1
3354, 0
3355, 0
3356, 1
3357, 0
3358, 1
3359, 1
3360, 1
3361, 0
3362, 0
3363, 0
3364, 0
3365, 1
3366, 0
3367, 1
3368, 0
3369, 1
3370, 0
3371, 0
3372, 1
3373, 0
3374, 1
3375, 0
3376, 0
3377, 0
3378, 1
3379, 1
3380, 0
3381, 1
3382, 0
3383, 0
3384, 0
3385, 1
3386, 0
3387, 0
3388, 0
3389, 0
3390, 0
3391, 1
3392, 1
3393, 0
3394, 1
3395, 0
3396, 0
3397, 0
3398, 0
3399, 1
3400, 0
3401, 0
3402, 1
3403, 0
3404, 0
3405, 0
3406, 1
3407, 0
3408, 0
3409, 1
3410, 0
3411, 0
3412, 1
3413, 0
3414, 1
3415, 1
3416, 0
3417, 1
3418, 1
3419, 0
3420, 0
3421, 1
3422, 1
3423, 1
3424, 0
3425, 1
3426, 0
3427, 0
3428, 0
3429, 1
3430, 0
3431, 1
3432, 0
3433, 1
3434, 0
3435, 0
3436, 0
1913, 0
1914, 0
1915, 0
1916, 1
1917, 0
1918, 1
1919, 1
1920, 1
1921, 1
1922, 0
1923, 0
1924, 0
1925, 1
1926, 1
1927, 1
1928, 1
1929, 1
1930, 1
1931, 0
1932, 0
1933, 0
1934, 0
1935, 1
1936, 0
1937, 0
1938, 1
1939, 0
1940, 1
1941, 0
1942, 1
1943, 0
1944, 1
1945, 1
1946, 0
1947, 0
1948, 0
1949, 1
1950, 0
1951, 1
1952, 0
1953, 0
1954, 1
1955, 0
1956, 0
1957, 0
1958, 1
1959, 0
1960, 1
1961, 1
1962, 0
1963, 1
1964, 0
1965, 1
1966, 0
1967, 0
1968, 1
1969, 1
1970, 1
1971, 1
1972, 0
1973, 0
1974, 1
1975, 0
1976, 1
1977, 0
1978, 0
1979, 0
1980, 0
1981, 1
1982, 1
1983, 0
1984, 0
1985, 1
1986, 0
1987, 1
1988, 1
1989, 0
1990, 1
1991, 0
1992, 0
1993, 1
1994, 0
1995, 0
1996, 1
1997, 1
1998, 0
1999, 0
2000, 0
2001, 0
2002, 0
2003, 1
2004, 1
2005, 1
2006, 0
2007, 0
2008, 0
2009, 1
2010, 1
2011, 1
2012, 0
2013, 1
2014, 1
2015, 1
2016, 0
2017, 1
2018, 0
2019, 1
2020, 1
2021, 1
2022, 1
2023, 0
2024, 1
2025, 0
2026, 0
2027, 0
2028, 0
2029, 0
2030, 1
2031, 0
2032, 0
2033, 1
2034, 1
2035, 1
2036, 0
2037, 0
2038, 0
2039, 1
2040, 0
2041, 0
2042, 0
2043, 1
2044, 1
2045, 0
2046, 1
2047, 0
2048, 1
2049, 0
2050, 0
2051, 1
2052, 0
2053, 0
2054, 0
2055, 0
2056, 1
2057, 0
2058, 0
2059, 0
2060, 0
2061, 0
2062, 0
2063, 1
2064, 0
2065, 1
2066, 0
2067, 1
2068, 1
2069, 0
2070, 0
2071, 0
2072, 0
2073, 1
2074, 1
2075, 1
2076, 0
2077, 0
2078, 0
2079, 1
2080, 0
2081, 1
2082, 1
2083, 0
2084, 0
2085, 1
2086, 0
2087, 1
2088, 1
2089, 1
2090, 0
2091, 1
2092, 0
2093, 0
2094, 1
2095, 1
2096, 0
2097, 1
2098, 1
2099, 0
2100, 1
2101, 0
2102, 0
2103, 1
2104, 0
2105, 0
2106, 0
2107, 1
2108, 0
2109, 0
2110, 1
2111, 1
2112, 0
2113, 1
2114, 0
2115, 0
2116, 0
2117, 1
2118, 0
2119, 1
2120, 1
2121, 1
2122, 0
2123, 0
2124, 0
2125, 0
2126, 1
2127, 1
2128, 0
2129, 1
2130, 1
2131, 0
2132, 0
2133, 1
2134, 1
2135, 0
2136, 0
2137, 1
2138, 0
2139, 0
2140, 1
2141, 1
2142, 1
2143, 0
2144, 1
2145, 1
2146, 0
2147, 0
2148, 0
2149, 1
2150, 0
2151, 0
2152, 0
2153, 1
2154, 1
2155, 1
2156, 1
2157, 1
2158, 1
2159, 0
2160, 1
2161, 0
2162, 0
2163, 0
2164, 0
2165, 1
2166, 0
2167, 1
2168, 0
2169, 0
2170, 0
2171, 0
2172, 1
2173, 0
2174, 0
2175, 1
2176, 1
2177, 0
2178, 0
2179, 1
2180, 1
2181, 1
2182, 1
2183, 0
2184, 1
2185, 1
2186, 1
2187, 0
2188, 0
2189, 1
2190, 1
2191, 0
2192, 1
2193, 1
2194, 0
2195, 1
2196, 0
2197, 0
2198, 1
2199, 1
2200, 0
2201, 0
2202, 1
2203, 0
2204, 0
2205, 1
2206, 0
2207, 1
2208, 1
2209, 1
2210, 0
2211, 0
2212, 0
2213, 0
2214, 1
2215, 0
2216, 0
2217, 0
2218, 0
2219, 1
2220, 1
2221, 0
2222, 0
2223, 0
2224, 0
2225, 0
2226, 0
2227, 1
2228, 1
2229, 0
2230, 1
2231, 0
2232, 0
2233, 1
2234, 1
2235, 0
2236, 0
2237, 1
2238, 0
2239, 0
2240, 1
2241, 1
2242, 0
2243, 0
2244, 1
2245, 0
2246, 1
2247, 1
2248, 1
2249, 1
2250, 0
2251, 1
2252, 0
2253, 1
2254, 1
2255, 1
2256, 1
2257, 1
2258, 1
2259, 1
2260, 1
2261, 1
2262, 1
2263, 1
2264, 1
2265, 0
2266, 0
2267, 0
2268, 1
2269, 1
2270, 1
2271, 0
2272, 1
2273, 0
2274, 0
2275, 0
2276, 1
2277, 1
2278, 1
2279, 0
2280, 0
2281, 0
2282, 1
2283, 0
2284, 0
2285, 1
2286, 0
2287, 1
2288, 1
2289, 1
2290, 1
2291, 1
2292, 1
2293, 0
2294, 0
2295, 1
2296, 1
2297, 1
2298, 0
2299, 1
2300, 0
2301, 0
2302, 1
2303, 0
2304, 1
2305, 1
2306, 1
2307, 0
2308, 0
2309, 1
2310, 0
2311, 1
2312, 0
2313, 0
2314, 0
2315, 0
2316, 0
2317, 0
2318, 0
2319, 1
2320, 0
2321, 0
2322, 1
2323, 1
2324, 1
2325, 0
2326, 1
2327, 0
2328, 0
2329, 0
2330, 0
2331, 1
2332, 0
2333, 1
2334, 0
2335, 1
2336, 0
2337, 0
2338, 0
2339, 1
2340, 1
2341, 0
2342, 1
2343, 1
2344, 1
2345, 0
2346, 0
2347, 0
2348, 1
2349, 1
2350, 0
2351, 0
2352, 1
2353, 0
2354, 1
2355, 1
2356, 0
2357, 0
2358, 1
2359, 1
2360, 0
2361, 1
2362, 0
2363, 0
2364, 0
2365, 0
2366, 0
2367, 0
2368, 0
2369, 1
2370, 0
2371, 1
2372, 0
2373, 1
2374, 1
2375, 0
2376, 1
2377, 1
2378, 0
2379, 0
2380, 1
2381, 0
2382, 0
2383, 1
2384, 1
2385, 0
2386, 0
2387, 1
2388, 0
2389, 1
2390, 0
2391, 0
2392, 0
2393, 1
2394, 0
2395, 1
2396, 1
2397, 1
2398, 0
2399, 0
2400, 1
2401, 1
2402, 0
2403, 0
2404, 0
2405, 1
2406, 0
2407, 1
2408, 1
2409, 1
2410, 1
2411, 1
2412, 0
2413, 0
2414, 0
2415, 1
2416, 1
2417, 1
2418, 0
2419, 1
2420, 0
2421, 0
2422, 1
2423, 1
2424, 0
2425, 1
2426, 0
2427, 1
2428, 1
2429, 0
2430, 1
2431, 1
2432, 1
2433, 1
2434, 1
2435, 0
2436, 0
2437, 1
2438, 0
2439, 1
2440, 1
2441, 1
2442, 0
2443, 0
2444, 0
2445, 1
2446, 1
2447, 1
2448, 1
2449, 0
2450, 1
2451, 0
2452, 0
2453, 1
2454, 1
2455, 1
2456, 0
2457, 0
2458, 0
2459, 1
2460, 1
2461, 1
2462, 1
2463, 1
2464, 1
2465, 1
2466, 1
2467, 1
2468, 0
2469, 0
2470, 1
2471, 0
2472, 1
2473, 0
2474, 1
2475, 1
2476, 1
2477, 0
2478, 1
2479, 0
2480, 0
2481, 1
2482, 1
2483, 1
2484, 1
2485, 1
2486, 0
2487, 1
2488, 0
2489, 1
2490, 1
2491, 1
2492, 1
2493, 0
2494, 0
2495, 1
2496, 1
2497, 1
2498, 0
2499, 0
2500, 1
2501, 0
2502, 0
2503, 0
2504, 0
2505, 1
2506, 1
2507, 1
2508, 1
2509, 0
2510, 1
2511, 1
2512, 0
2513, 1
2514, 1
2515, 1
2516, 0
2517, 0
2518, 0
2519, 0
2520, 0
2521, 1
2522, 0
2523, 0
2524, 1
2525, 1
2526, 1
2527, 0
2528, 0
2529, 1
2530, 1
2531, 1
2532, 1
2533, 1
2534, 0
2535, 0
2536, 1
2537, 1
2538, 1
2539, 0
2540, 0
2541, 0
2542, 0
2543, 0
2544, 0
2545, 0
2546, 1
2547, 1
2548, 1
2549, 1
2550, 0
2551, 0
2552, 1
2553, 1
2554, 1
2555, 0
2556, 0
2557, 0
2558, 1
2559, 1
2560, 1
2561, 1
2562, 1
2563, 1
2564, 1
2565, 1
2566, 1
2567, 1
2568, 0
2569, 1
2570, 0
2571, 0
2572, 0
2573, 1
2574, 1
2575, 0
2576, 0
2577, 0
2578, 1
2579, 1
2580, 0
2581, 1
2582, 1
2583, 0
2584, 1
2585, 1
2586, 1
2587, 0
2588, 0
2589, 1
2590, 1
2591, 1
2592, 0
2593, 0
2594, 0
2595, 0
2596, 0
2597, 0
2598, 0
2599, 1
2600, 1
2601, 1
2602, 0
2603, 0
2604, 1
2605, 0
2606, 1
2607, 1
2608, 1
2609, 1
2610, 0
2611, 0
2612, 0
2613, 0
2614, 1
2615, 0
2616, 0
2617, 1
2618, 1
2619, 0
2620, 0
2621, 0
2622, 0
2623, 1
2624, 1
2625, 1
2626, 0
2627, 0
2628, 0
2629, 1
2630, 0
2631, 0
2632, 0
2633, 0
2634, 1
2635, 1
2636, 0
2637, 0
2638, 0
2639, 0
2640, 1
2641, 0
2642, 0
2643, 0
2644, 1
2645, 0
2646, 1
2647, 0
2648, 1
2649, 0
2650, 0
2651, 0
2652, 0
2653, 0
2654, 0
2655, 1
2656, 1
2657, 0
2658, 1
2659, 1
2660, 1
3438, 1
3439, 0
3440, 0
3441, 0
3442, 0
3443, 0
3444, 1
3445, 0
3446, 1
3447, 0
3448, 0
3449, 0
3450, 1
3451, 1
3452, 0
3453, 0
3454, 0
3455, 1
3456, 0
3457, 0
3458, 1
3459, 1
3460, 1
3461, 0
3462, 1
3463, 0
3464, 1
3465, 1
3466, 1
3467, 1
3468, 1
3469, 0
3470, 1
3471, 1
3472, 1
3473, 1
3474, 1
3475, 0
3476, 0
3477, 1
3478, 0
3479, 1
3480, 0
3481, 1
3482, 0
3483, 1
3484, 0
3485, 0
3486, 0
3487, 0
3488, 0
3489, 0
3490, 1
3491, 0
3492, 0
3493, 1
3494, 0
698, 0
3495, 0
3496, 0
3497, 0
3498, 1
3499, 0
3500, 1
3501, 0
3502, 1
3503, 0
3504, 0
3505, 0
3506, 1
3507, 0
3508, 0
3509, 0
3510, 0
3511, 0
3512, 0
3513, 0
3514, 0
3515, 0
3516, 0
3517, 0
3518, 1
3519, 0
3520, 0
3521, 0
3522, 1
3523, 1
3524, 1
3525, 0
3526, 0
3527, 0
3528, 0
3529, 0
3530, 0
3531, 1
3532, 1
3533, 0
3534, 1
3535, 1
3536, 0
3537, 0
3538, 1
857, 0
3539, 0
3540, 0
3541, 1
3542, 0
3543, 0
3544, 0
3545, 0
3546, 0
3547, 0
3548, 0
3549, 1
3550, 0
3551, 0
3552, 0
3553, 0
3554, 0
3555, 0
3556, 0
3557, 0
3558, 0
3559, 0
3560, 1
3561, 0
3562, 1
3563, 0
3564, 1
3565, 0
3566, 0
3567, 0
3568, 1
3569, 1
567, 1
3570, 1
3571, 0
3572, 0
3573, 0
3574, 1
3575, 1
3576, 1
3577, 0
3578, 1
3579, 0
3580, 1
3581, 0
3582, 0
3583, 0
3584, 0
3585, 1
3586, 0
3587, 1
3588, 0
3589, 1
3590, 0
3591, 1
3592, 1
3593, 0
3594, 0
3595, 0
3596, 0
3597, 1
3598, 0
3599, 1
3600, 0
3601, 1
3602, 1
3603, 0
3604, 1
3605, 0
3606, 1
3607, 0
3608, 0
3609, 0
3610, 0
3611, 0
3612, 1
3613, 1
3614, 1
3615, 0
3616, 1
3617, 1
3618, 0
3619, 0
3620, 0
3621, 0
3622, 0
3623, 1
3624, 1
3625, 0
3626, 0
3627, 0
3628, 1
3629, 0
3630, 0
3631, 1
3632, 0
3633, 1
3634, 0
3635, 0
3636, 1
3637, 0
3638, 0
3639, 0
3640, 0
3641, 1
3642, 0
3643, 0
3644, 0
3645, 1
3646, 1
3647, 1
3648, 0
3649, 1
3650, 1
3651, 1
3652, 0
3653, 0
3654, 1
3655, 1
3656, 0
3657, 1
3658, 0
3659, 1
3660, 1
3661, 0
862, 0
3662, 1
3663, 0
3664, 0
3665, 0
3666, 1
3667, 0
3668, 1
3669, 1
3670, 1
3671, 0
3672, 0
3673, 0
3674, 0
3675, 0
3676, 0
3677, 0
3678, 0
3679, 0
3680, 0
3681, 0
3682, 1
3683, 0
3684, 0
3685, 1
3686, 1
3687, 0
3688, 0
3689, 0
3690, 0
3691, 1
3692, 1
3693, 0
3694, 1
3695, 1
3696, 1
3697, 0
3698, 0
3699, 1
3700, 1
3701, 0
3702, 0
3703, 0
3704, 0
3705, 0
3706, 1
3707, 1
3708, 0
3709, 1
3710, 1
3711, 1
3712, 0
3713, 0
3714, 1
3715, 1
3716, 1
3717, 1
3718, 0
3719, 1
3720, 0
3721, 0
3722, 0
3723, 0
3724, 1
3725, 1
3726, 1
3727, 0
3728, 1
3729, 1
3730, 1
3731, 0
3732, 0
3733, 0
3734, 0
3735, 1
3736, 0
3737, 0
3738, 0
3739, 0
3740, 0
3741, 0
3742, 1
3743, 1
3744, 0
3745, 1
3746, 1
3747, 0
3748, 0
3749, 1
3750, 0
3751, 1
3752, 0
3753, 1
3754, 0
3755, 1
3756, 0
3757, 0
3758, 1
3759, 0
3760, 0
3761, 1
3762, 1
3763, 0
3764, 0
3765, 0
3766, 0
3767, 0
3768, 0
3769, 1
3770, 1
3771, 1
3772, 0
3773, 1
3774, 1
3775, 0
3776, 0
3777, 1
3778, 1
3779, 0
3780, 0
3781, 0
3782, 0
3783, 0
3784, 1
3785, 0
3786, 0
3787, 0
3788, 0
3789, 1
3790, 1
3791, 0
3792, 1
3793, 1
3794, 0
3795, 0
3796, 0
3797, 0
3798, 1
3799, 0
3800, 0
3801, 0
3802, 0
3803, 0
3804, 0
3805, 0
3806, 0
3807, 1
3808, 0
3809, 0
3810, 0
3811, 0
3812, 0
3813, 1
3814, 1
3815, 1
3816, 1
3817, 0
3818, 0
3819, 0
3820, 0
3821, 0
3822, 0
3823, 1
3824, 1
3825, 0
3826, 0
3827, 0
3828, 0
3829, 1
3830, 0
3831, 0
3832, 0
3833, 0
3834, 0
3835, 1
3836, 1
3837, 1
3838, 0
3839, 0
3840, 1
3841, 0
3842, 0
3843, 1
3844, 1
3845, 0
3846, 1
3847, 1
3848, 0
3849, 0
3850, 1
3851, 0
3852, 0
3853, 0
3854, 0
3855, 0
3856, 0
3857, 0
3858, 1
3859, 0
3860, 0
3861, 1
3862, 0
3863, 1
3864, 0
3865, 0
3866, 1
3867, 1
3868, 1
3869, 0
3870, 1
3871, 0
3872, 0
3873, 1
3874, 1
3875, 0
3876, 1
3877, 1
3878, 1
3879, 0
3880, 0
3881, 0
3882, 1
3883, 1
3884, 1
3885, 1
3886, 0
3887, 0
3888, 0
3889, 0
3890, 0
3891, 0
3892, 0
3893, 0
3894, 0
3895, 0
3896, 1
3897, 0
3898, 1
3899, 1
3900, 1
3901, 0
3902, 0
3903, 1
3904, 0
3905, 0
3906, 1
3907, 0
3908, 0
3909, 0
3910, 1
3911, 0
3912, 0
3913, 0
3914, 0
3915, 0
3916, 0
3917, 0
3918, 0
3919, 0
3920, 1
3921, 1
3922, 0
3923, 1
3924, 0
3925, 1
3926, 0
3927, 0
3928, 0
3929, 1
3930, 0
3931, 0
3932, 1
3933, 0
3934, 0
3935, 0
3936, 0
3937, 1
3938, 0
3939, 0
3940, 0
3941, 1
3942, 0
3943, 0
3944, 0
3945, 0
3946, 0
3947, 1
3948, 0
3949, 1
3950, 0
3951, 1
3952, 1
3953, 0
3954, 0
3955, 1
3956, 0
3957, 1
3958, 0
3959, 0
3960, 0
3961, 1
3962, 0
3963, 0
3964, 1
3965, 1
3966, 0
3967, 1
3968, 0
3969, 0
3970, 0
3971, 1
3972, 1
3973, 1
3974, 0
3975, 1
3976, 1
3977, 0
3978, 0
3979, 0
349, 0
350, 0
351, 0
352, 0
354, 0
355, 0
356, 1
357, 0
358, 0
359, 0
360, 1
361, 0
362, 1
364, 0
365, 0
367, 0
368, 0
369, 0
370, 1
371, 1
372, 0
373, 1
374, 0
375, 0
377, 0
378, 0
379, 1
380, 0
381, 1
382, 0
383, 0
384, 0
385, 1
386, 1
387, 0
388, 0
390, 1
391, 0
392, 1
393, 1
394, 0
395, 0
396, 0
397, 0
398, 0
399, 1
400, 0
401, 0
402, 0
403, 0
404, 0
405, 0
406, 0
407, 0
408, 0
409, 0
410, 1
411, 1
412, 1
413, 0
415, 0
416, 1
417, 1
418, 0
419, 0
421, 0
422, 0
423, 1
424, 0
425, 0
426, 0
427, 0
429, 1
430, 0
431, 0
432, 0
433, 0
434, 0
435, 0
436, 0
437, 0
438, 0
439, 0
440, 0
441, 0
442, 1
443, 0
444, 0
445, 0
446, 1
447, 0
448, 0
449, 0
450, 0
451, 0
452, 0
453, 1
454, 0
455, 0
456, 0
457, 0
458, 0
459, 0
460, 0
461, 1
462, 0
463, 1
464, 0
465, 0
466, 0
467, 0
468, 1
469, 0
470, 0
471, 0
472, 1
473, 1
474, 0
476, 0
477, 0
478, 0
479, 0
480, 0
481, 0
482, 0
485, 0
486, 0
487, 0
488, 0
489, 0
490, 0
491, 0
492, 1
493, 0
494, 0
495, 0
496, 0
497, 1
498, 1
499, 1
500, 0
501, 0
502, 0
503, 1
504, 0
505, 0
506, 0
507, 0
508, 0
509, 0
510, 0
511, 0
512, 0
513, 0
514, 0
515, 0
516, 0
518, 0
519, 0
520, 0
521, 1
522, 0
523, 0
524, 1
525, 0
527, 0
528, 1
529, 0
530, 0
531, 0
532, 0
533, 0
534, 0
535, 0
536, 0
537, 1
539, 0
540, 0
541, 0
542, 1
543, 0
544, 0
545, 0
546, 0
547, 1
548, 1
549, 0
550, 0
551, 0
552, 0
553, 1
554, 0
555, 1
556, 0
557, 0
558, 0
559, 0
560, 1
561, 0
562, 0
564, 1
565, 1
568, 0
569, 0
570, 0
571, 1
572, 1
3981, 1
3982, 0
3983, 0
3984, 0
3985, 0
3986, 0
3987, 1
3988, 0
3989, 0
3990, 1
3991, 0
3992, 1
3993, 0
3994, 1
3995, 0
594, 0
3996, 0
3997, 0
3998, 0
3999, 0
4000, 0
4001, 0
4002, 0
4003, 0
4004, 0
4005, 0
4006, 0
4007, 0
4008, 0
4009, 0
4010, 0
4011, 0
4012, 1
4013, 1
4014, 0
4015, 0
4016, 0
4017, 0
4018, 1
4019, 0
4020, 0
4021, 0
4022, 1
4023, 0
4024, 1
4025, 1
4026, 0
4027, 0
4028, 0
4029, 1
4030, 0
4031, 0
4032, 0
4033, 1
4034, 0
4035, 1
4036, 1
4037, 0
4038, 0
573, 0
574, 1
575, 0
576, 1
577, 1
578, 0
579, 0
581, 0
582, 0
583, 0
584, 1
585, 0
586, 1
587, 1
588, 0
589, 0
590, 1
591, 1
592, 0
593, 0
595, 1
597, 0
598, 0
599, 1
600, 0
602, 0
603, 0
604, 0
605, 0
607, 0
608, 0
609, 0
610, 0
611, 0
612, 1
613, 1
614, 0
615, 1
616, 1
617, 0
618, 0
619, 0
620, 0
621, 1
622, 0
623, 1
624, 1
625, 0
626, 0
627, 0
628, 0
630, 0
631, 0
632, 0
633, 0
634, 0
635, 1
636, 1
638, 0
639, 0
640, 1
642, 0
643, 0
644, 0
645, 0
646, 0
647, 0
648, 1
650, 1
652, 1
653, 0
654, 0
655, 0
656, 0
657, 0
658, 0
659, 1
660, 1
661, 0
662, 0
663, 1
664, 0
665, 0
666, 0
667, 1
668, 0
669, 0
670, 0
671, 0
672, 1
673, 0
674, 0
675, 0
676, 0
677, 0
678, 0
679, 1
680, 0
681, 0
682, 0
683, 0
684, 0
685, 1
687, 0
688, 0
689, 1
690, 0
691, 1
692, 0
693, 1
694, 0
695, 0
696, 0
697, 1
699, 0
700, 0
701, 0
702, 1
703, 1
704, 1
705, 1
706, 0
707, 1
708, 0
709, 1
710, 1
711, 1
712, 0
713, 1
714, 1
715, 0
716, 1
717, 1
718, 1
719, 1
720, 1
721, 0
722, 0
723, 0
724, 0
725, 0
726, 0
727, 0
728, 1
729, 0
730, 0
731, 0
732, 1
733, 0
734, 0
735, 0
736, 0
737, 1
738, 0
739, 1
740, 1
741, 1
742, 1
743, 1
744, 0
745, 1
746, 1
747, 0
748, 0
749, 1
750, 0
751, 1
752, 0
753, 1
754, 1
755, 1
756, 1
757, 1
758, 0
759, 1
760, 0
761, 0
762, 0
763, 0
764, 1
765, 1
766, 0
767, 0
768, 1
769, 0
770, 1
771, 0
772, 1
773, 0
774, 0
775, 0
776, 0
777, 0
778, 1
779, 1
780, 1
781, 1
782, 1
783, 1
784, 0
785, 0
786, 1
787, 1
788, 1
789, 1
790, 1
791, 1
792, 1
793, 1
794, 1
795, 1
796, 0
797, 0
798, 1
799, 1
800, 1
801, 1
802, 0
803, 0
804, 0
805, 1
806, 0
807, 1
808, 1
809, 1
810, 0
811, 1
812, 0
813, 1
814, 1
815, 1
816, 0
817, 1
818, 0
819, 1
820, 1
821, 1
822, 1
823, 1
824, 1
825, 0
826, 1
827, 1
828, 1
829, 0
830, 0
831, 0
832, 0
833, 0
834, 0
835, 1
836, 1
837, 1
838, 1
839, 0
840, 0
841, 0
842, 1
843, 1
844, 1
845, 1
846, 0
847, 0
848, 1
849, 0
850, 0
851, 1
852, 1
853, 1
854, 1
855, 1
856, 0
858, 0
859, 0
861, 1
863, 0
864, 0
865, 0
866, 0
867, 1
868, 0
869, 0
870, 0
871, 1
872, 1
873, 0
874, 0
875, 0
876, 0
877, 0
878, 0
879, 0
880, 1
881, 0
882, 1
883, 0
884, 1
885, 1
886, 1
887, 0
888, 0
889, 0
890, 1
891, 0
892, 0
893, 0
894, 0
895, 0
